sudo GR_SCHEDULER=STS nice -n -20 python ./reader.py
Tag 0
0011000000000000

1110001000000000
0011000000001001
0011000100010110
0000001001100110
0001011000000000
0110111100110000

1010010001110000

Tag 30
0011000000000000

1110001000000000
0011000000001001
0011000100010110
0000001001111001
0001011000000000
0110111011111100

1110111000100010
Tag 2
0011000000000000

1110001000000000
0011000000001001
0011000100010110
0000001001010101
0001011000000000
70H
0110111101011100

1110101101100110

Select
1010
100
000
01
00100000
00000001
1
0
0010
0110
1011
0100


